import seaborn as sn

import pandas as pd

import matplotlib.pyplot as plt

# with total

array = [[85,  2258,   57,   408,     58 ,   38  ,  34  , 2938],
        [19,    26,  136,     2,      8,    10 ,    3 ,   204],
         [50,   121,    4,   576 ,    11,     4 ,    8 ,   774],
         [12,   173,   14,    14 ,     8,     4 ,   29 ,   254],
         [6,   173,   43,     5 ,     8,     3 ,    0 ,   238],
         [135,    81,    1,  2682 ,    41,    14 ,    9 ,  2963],
         [38,    79,    7,    53 , 11730,   107 ,   79 , 12093],
         [5,    12,    4,     0  ,  134 , 1235  ,   1  , 1391],
         [34,    10,    1,    10  ,   24 ,   63  ,   1  ,  143],
         [28,     9,    0,    41  ,    8 ,    1  ,   3  ,   90],
         [11,     0,    0,    12  ,   15 ,    2  ,   1  ,   41],
         [18,    16,    0 ,  100   ,  77  ,   0   ,  1   , 212],
         [174,    28,    0 ,   69   ,  16  ,   0   , 843  , 1130],
         [13,    11,    0 ,    6   ,   1  ,   0   , 72   , 103],
         [10,     4,   13 ,    3   ,   0  ,   1   ,  1   ,  32],
         [31,    17,    0 ,   12   ,  35  ,  20   ,  5   , 120],
         [1,     0,    0 ,    0   , 356  ,   0   ,  0   , 357],
         [1,     1,    0 ,  107   ,   0  ,   0   ,  0   , 109],
         [671,  3019,  280 , 4100  , 12530 , 1502  , 1090 , 23192]]


x_labels = ["uncertain",1,2,6,7,8,13,'All']

y_labels = [1,2,3,4,5,6,7,8,9,10,11,12,13,14,16,17,18,19,'All']

df_cm = pd.DataFrame(array, y_labels,x_labels)

plt.figure(figsize = (10,10))

sn.set(font_scale=1.4)#for label size

sn.heatmap(df_cm, annot=True, annot_kws={"size": 16}, cmap="YlGnBu", fmt='g')# font size

plt.show()

